1111101111000110
1011100000011010
1111100100001011
1011100000001011
0000000000011100
1011100000001011
1101000000011000
0100000001011011
1100000000100011
1001000000000101
1000000000100001
1111100000000010
1110101111001001
1110000000000001
1000100000001100
1110000000000010
1001000000010100
1110101111010000
0100000001010010
1000000000001100
1110101111010001
1111111111111010
0100000001010010
0011000010001001
0010000001000000
1101100000000111
1111100100001000
1111100000000001
1101000000000001
0100000001000000
1110010000000000
1001000000011100
1101100000000111
